1135574
1129463
1133846
1135334
1134870
1135291
1135322
1129163
1128573
1129287
1133492
5880062427
1135331
1134583
1129831
5837139244
1134071
1135673
1134001
1137010
1129690
5880062262
1133040
1130024
1134780
1135260
1134773
1135445
5879662996
1134020
1134757
1134928
1134926
5875602676
1134738
1136501
1128284
1135196
1134707
1136217
1128972
1136426
5864435807
1135555
1129611
1133828
1134581
1135204
1134357
1135202
1133998
1134843
1133890
5886096613
1135332
1132778
1129243
5877184519
1130196
1133830
1135288
5839268343
5876645051
1135272
1129691
1130279
1133044
1130182
1136424
1128843
5880950410
1129807
1135327
1134911
1134741
1134232
1128444
1134842
1134231
1134415
1129302
1136219
5864431277
5864438660
1129282
1134002
1134779
1134003
1133041
1128500
1133042
1133889
1134070
1136428
1129241
1136221
1134709
1134413
1130673
1133491
1129462
5873074592
5864440678
1133885
1135328
1130565
1129454
1129306
1134909
5867270472
1134808
1135323
1135834
1133835
1129398
1129677
1134666
1133882
1134737
1130047
1132426
5871846778
1132620
5884158036
1133837
1135457
1136415
1128876
5864435757
5880068128
5857982625
1129344
1135351
1129479
1135197
1130403
1134103
5880001872
1134011
1133833
1134010
1134739
1133779
1134869
1135675
1135643
5883562726
1134429
1130131
1130275
5882859935
1134079
1132780
1128685
1135201
1133416
1128963
1134910
1130093
1130707
1128844
5881761904
1130645
1134908
1129385
5882857495
1128452
1136422
1128508
1136446
1128894
1134159
1134927
1134923
1134749
5864427382
5864422838
1135200
5864422728
1133831
1128864
1129305
1134758
1133739
5864426413
1133838
1136795
1134756
1135333
1135273
1129905
1129083
1135195
1130072
1128238
1134218
1134106
1130075
1130479
1135329
1128571
5837139447
5870528427
1129387
5837843617
1135352
5867036030
1134586
1135194
1135454
1133763
1136443
1135690
1129673
5846723396
1135259
1134989
1135198
1133315
1136228
1133848
1134083
1128839
1135455
1135290
1130490
1135326
1135203
1129913
1130418
1135443
1135444
1134104
1134417
1133490
1134009
5865064497
1130106
1128627
1129791
1135258
1129990
1134476
1129936
1135321
1130251
1130614
5870865883
1133847
1129504
1134000
1136439
1133316
1137005
1128534
1130289
1130444
1129012
1136442
1134580
1135071
1128741
1128793
1134217
1134414
1134068
5837139416
1128482
1134069
1136502
1134407
1128340
1135375
1129758
1132627
1130763
1135269
1134067
1135102
1128824
1128792
1135830
1133738
1129520
5837139071
1128367
1135320
5882587460
1135674
1135687
1137062
1135738
1134907
1134925
1135325
1128194
5837139466
1133836
1129708
1129467
1134082
1136714
5859162361
1133489
5865064516
1135693
5837139469
1129785
1129266
1129685
1130609
5867270273
1135903
1137014
1135274
1135223
1134929
1128971
1133880
1133829
1136917
1134233
1132779
1128456
1135287
1133039
5854537735
5867265452
1128834
1135688
1128650
1130694
1129290
5880064279
5885147176
1134743
1128468
1135270
1135271
1134846
1130136
5871992732
1128161
1134867
1130695
1130099
1134740
1134584
1134430
5864430870
1135442
1136918
5882862326
1134004
1135073
1129645
1135286
1134585
1130760
1130860
1129031
1128204
5869485044
5872266310
1135072
1130284
1129704
1128502
1132593
1134080
1130778
1128304
1135074
5869558950
5864442750
5881877312
1135261
1136413
1129177
1133569
1135832
1134081
1130651
1132594
1134990
5876872869
1130199
1134306
1134078
1136222
1128803
1133949
5880950446
1128998
1129130
5885147301
5880433742
1129947
1131058
1135150
1129784
1134107
1135257
1128435
1130055
1133834
1130114
1128362
1136165
1134755
5881877309
1128632
1134759
1132628
1135318
1134416
1133038
5837139950
1133839
1129261
1136499
1134066
1130515
5873074248
1134924
1135319
1133916